# YOLOv8n NCNN Detection Log
# started: 2026-07-30 09:58:56
# format: frame,  x_center,  y_center,  width,  height,  confidence,  cls_id
# (empty fields = no detection in that frame)
#
0,  75,  210,  14,  19,  0.669074,  0
1,  75,  210,  14,  19,  0.69191,  0
2,
3,  459,  225,  23,  34,  0.670889,  0
4,
5,
6,  75,  210,  14,  19,  0.678385,  0
6,  459,  226,  22,  33,  0.671033,  0
7,  75,  212,  14,  18,  0.656468,  0
8,
9,
10,  75,  211,  15,  18,  0.703,  0
11,
12,  75,  210,  14,  19,  0.669368,  0
13,
14,
15,
16,  75,  210,  14,  19,  0.663241,  0
17,  75,  210,  14,  19,  0.65388,  0
18,
19,  75,  210,  14,  19,  0.656291,  0
20,
21,
22,  75,  210,  14,  19,  0.677422,  0
23,
24,
25,
26,
27,  75,  210,  14,  19,  0.65184,  0
28,
29,
30,
31,
32,
33,
34,
35,  74,  211,  13,  18,  0.65308,  0
36,
37,
38,
39,
40,
41,
42,
43,  74,  210,  14,  19,  0.679508,  0
43,  459,  225,  23,  35,  0.658657,  0
44,
45,
46,
47,
48,
49,  74,  211,  13,  18,  0.65711,  0
50,
51,  75,  210,  14,  19,  0.662569,  0
52,
53,
54,
55,
56,
57,
58,
59,
60,
61,  75,  211,  14,  18,  0.65954,  0
62,
63,
64,  74,  210,  15,  20,  0.665534,  0
65,  74,  211,  13,  18,  0.693645,  0
66,
67,  74,  210,  15,  19,  0.664261,  0
68,  75,  211,  14,  18,  0.669451,  0
69,
70,  74,  211,  13,  18,  0.656483,  0
71,
72,
73,
74,
75,
76,
77,
78,  75,  210,  14,  19,  0.669193,  0
79,  75,  211,  14,  18,  0.655074,  0
80,
81,  459,  226,  23,  35,  0.686218,  0
81,  74,  211,  13,  18,  0.671898,  0
82,
83,
84,
85,
86,
87,
88,  95,  234,  19,  28,  0.696558,  0
88,  184,  230,  18,  26,  0.672917,  0
89,  96,  234,  20,  28,  0.800669,  0
89,  185,  230,  18,  24,  0.700413,  0
89,  459,  235,  25,  33,  0.672818,  0
90,
91,  491,  248,  16,  23,  0.711389,  0
91,  322,  248,  15,  23,  0.681322,  0
92,
93,
94,
95,
96,
97,
98,
99,
100,
101,
102,
103,
104,
105,
106,
107,
108,
109,
110,
111,
112,
113,
114,
115,  323,  248,  16,  23,  0.685154,  0
116,
117,  491,  248,  16,  24,  0.674275,  0
118,  491,  249,  16,  24,  0.654292,  0
119,  491,  248,  16,  24,  0.69647,  0
120,  491,  248,  17,  23,  0.719857,  0
120,  322,  248,  16,  24,  0.655611,  0
121,  49,  211,  32,  33,  0.822809,  0
121,  491,  248,  17,  23,  0.703482,  0
121,  323,  248,  16,  23,  0.687479,  0
122,  87,  212,  31,  35,  0.824066,  0
122,  490,  249,  17,  23,  0.773808,  0
123,  120,  214,  31,  36,  0.83934,  0
123,  492,  249,  16,  22,  0.746599,  0
124,  160,  214,  31,  35,  0.834612,  0
124,  494,  250,  12,  20,  0.653343,  0
125,  193,  215,  30,  34,  0.850342,  0
126,  219,  218,  30,  38,  0.894169,  0
127,  257,  223,  31,  40,  0.831503,  0
128,  277,  225,  32,  41,  0.861474,  0
129,  312,  226,  29,  37,  0.830852,  0
130,  338,  227,  26,  33,  0.779623,  0
131,  362,  229,  30,  38,  0.79588,  0
132,  381,  229,  29,  36,  0.801687,  0
133,  394,  228,  32,  40,  0.841534,  0
134,  409,  229,  34,  40,  0.776986,  0
135,  422,  228,  28,  37,  0.782811,  0
135,  412,  226,  23,  31,  0.713252,  0
136,  425,  228,  33,  38,  0.796314,  0
137,  425,  229,  31,  36,  0.728294,  0
138,  423,  228,  27,  37,  0.799735,  0
138,  412,  226,  22,  31,  0.669117,  0
139,  408,  227,  31,  38,  0.834643,  0
140,  393,  225,  23,  35,  0.79707,  0
140,  381,  223,  22,  30,  0.671206,  0
141,  362,  223,  29,  38,  0.821811,  0
142,  327,  221,  31,  39,  0.803527,  0
143,  298,  219,  32,  40,  0.856736,  0
144,  255,  217,  30,  36,  0.86465,  0
145,  206,  216,  31,  37,  0.870171,  0
146,  143,  216,  32,  37,  0.856411,  0
147,  99,  219,  34,  40,  0.741958,  0
148,  52,  216,  35,  39,  0.774913,  0
149,  7,  217,  15,  28,  0.7467,  0
150,
151,
152,
153,  491,  249,  15,  21,  0.740679,  0
154,  491,  250,  16,  22,  0.751117,  0
155,  491,  249,  17,  22,  0.687475,  0
155,  323,  248,  16,  23,  0.686546,  0
156,  323,  248,  16,  23,  0.662974,  0
157,
158,  322,  248,  15,  23,  0.678484,  0
159,  10,  211,  21,  29,  0.793291,  0
159,  489,  248,  20,  24,  0.688991,  0
160,  51,  216,  35,  38,  0.775364,  0
161,  96,  225,  35,  43,  0.853319,  0
162,  156,  232,  31,  36,  0.791382,  0
163,  202,  236,  28,  32,  0.782115,  0
164,
165,  305,  236,  22,  32,  0.69024,  0
166,
167,
168,  444,  230,  23,  33,  0.770899,  0
169,  475,  229,  22,  32,  0.787426,  0
170,
171,
172,
173,  475,  226,  25,  34,  0.712732,  0
174,  467,  226,  27,  37,  0.81982,  0
175,  442,  226,  27,  36,  0.794999,  0
176,  411,  224,  30,  37,  0.773673,  0
177,  384,  224,  31,  39,  0.818005,  0
178,  362,  225,  22,  33,  0.799908,  0
179,  319,  224,  29,  36,  0.807467,  0
180,  278,  224,  31,  40,  0.878156,  0
181,  246,  223,  32,  40,  0.831541,  0
182,  196,  222,  32,  42,  0.850661,  0
183,  152,  222,  34,  43,  0.818726,  0
184,  110,  221,  34,  42,  0.879933,  0
185,  58,  221,  37,  46,  0.867047,  0
186,
187,
188,
189,
190,
191,
192,
193,
194,
195,  6,  215,  13,  24,  0.724498,  0
196,  20,  216,  33,  39,  0.737447,  0
197,  74,  217,  34,  41,  0.829005,  0
198,  115,  219,  35,  40,  0.718932,  0
199,  149,  220,  34,  42,  0.824705,  0
200,  193,  218,  33,  39,  0.863988,  0
201,  246,  221,  32,  41,  0.849612,  0
202,  280,  223,  32,  41,  0.871354,  0
203,  324,  224,  32,  41,  0.837561,  0
204,  367,  221,  26,  33,  0.764813,  0
205,  410,  221,  21,  30,  0.789718,  0
206,  439,  221,  33,  40,  0.791449,  0
207,  477,  220,  30,  36,  0.735896,  0
208,  506,  220,  26,  35,  0.756082,  0
209,
210,
211,
212,
213,  461,  217,  33,  36,  0.761417,  0
214,  448,  218,  30,  36,  0.784436,  0
215,  431,  220,  32,  39,  0.788821,  0
216,  416,  218,  25,  33,  0.791432,  0
217,  394,  217,  32,  39,  0.850153,  0
218,  380,  217,  29,  36,  0.844779,  0
219,  358,  210,  31,  31,  0.818741,  0
219,  490,  249,  18,  23,  0.739299,  0
220,  337,  211,  31,  32,  0.836409,  0
220,  489,  248,  19,  23,  0.705309,  0
221,  322,  214,  30,  38,  0.798298,  0
221,  490,  248,  18,  23,  0.706761,  0
222,  303,  212,  27,  33,  0.844604,  0
222,  489,  248,  19,  24,  0.668743,  0
222,  323,  248,  16,  24,  0.663762,  0
223,  285,  209,  27,  29,  0.874535,  0
223,  490,  248,  17,  23,  0.687079,  0
223,  323,  248,  16,  23,  0.652216,  0
224,  270,  208,  25,  25,  0.809026,  0
225,  260,  207,  25,  26,  0.736416,  0
225,  491,  248,  15,  23,  0.683709,  0
226,  490,  247,  17,  26,  0.650387,  0
227,  490,  246,  17,  27,  0.659309,  0
228,
229,
230,
231,  630,  217,  20,  35,  0.660021,  0
232,  630,  217,  20,  33,  0.657622,  0
233,
234,
235,  213,  208,  28,  29,  0.807676,  0
235,  490,  248,  17,  23,  0.685488,  0
235,  322,  248,  15,  23,  0.670818,  0
236,  212,  217,  31,  36,  0.833418,  0
237,  211,  226,  33,  42,  0.868219,  0
238,  213,  228,  32,  41,  0.880478,  0
239,  216,  229,  33,  40,  0.868289,  0
240,  227,  230,  30,  38,  0.861466,  0
241,  236,  229,  30,  38,  0.852666,  0
242,  254,  230,  29,  37,  0.828373,  0
243,  275,  231,  31,  40,  0.833936,  0
244,  289,  231,  30,  38,  0.848504,  0
245,  308,  232,  30,  38,  0.730102,  0
246,  321,  231,  30,  38,  0.851078,  0
247,  329,  229,  31,  39,  0.862823,  0
248,  337,  229,  31,  39,  0.824263,  0
249,  341,  229,  32,  41,  0.859126,  0
250,  340,  228,  33,  41,  0.840264,  0
251,  338,  228,  33,  41,  0.842182,  0
252,  334,  228,  28,  36,  0.806403,  0
253,  325,  229,  31,  39,  0.792568,  0
254,  314,  229,  28,  36,  0.874662,  0
255,  301,  231,  28,  36,  0.810051,  0
256,  288,  232,  27,  35,  0.823462,  0
257,  278,  230,  29,  37,  0.801189,  0
258,  271,  233,  29,  36,  0.775145,  0
259,  267,  231,  29,  33,  0.81739,  0
260,  267,  231,  30,  34,  0.83221,  0
261,  270,  230,  28,  35,  0.814373,  0
262,  276,  231,  30,  40,  0.844027,  0
263,  289,  231,  29,  38,  0.855567,  0
264,  303,  230,  27,  34,  0.814288,  0
265,  329,  232,  27,  36,  0.809261,  0
266,  362,  230,  25,  34,  0.831064,  0
267,  392,  229,  23,  34,  0.768398,  0
268,  420,  229,  32,  40,  0.809588,  0
269,  455,  225,  19,  29,  0.75584,  0
269,  439,  224,  16,  26,  0.684337,  0
270,  472,  228,  34,  41,  0.733906,  0
271,  488,  227,  34,  41,  0.808684,  0
272,  499,  229,  29,  38,  0.765023,  0
273,  498,  224,  20,  30,  0.753146,  0
274,  481,  225,  32,  40,  0.78788,  0
275,  466,  219,  20,  28,  0.746068,  0
276,  435,  224,  26,  34,  0.755866,  0
277,  400,  221,  24,  32,  0.746234,  0
278,  364,  223,  30,  38,  0.772857,  0
279,  326,  222,  31,  39,  0.820139,  0
280,  277,  220,  33,  41,  0.802235,  0
281,  227,  221,  31,  40,  0.833214,  0
282,  177,  221,  33,  40,  0.847576,  0
283,  131,  220,  34,  41,  0.837205,  0
284,  89,  221,  35,  44,  0.868986,  0
285,  57,  220,  35,  44,  0.836128,  0
286,  38,  221,  34,  43,  0.773305,  0
287,  24,  219,  33,  40,  0.853717,  0
288,  19,  218,  33,  41,  0.816902,  0
289,  24,  220,  33,  43,  0.851553,  0
290,  41,  219,  34,  42,  0.807502,  0
291,  67,  217,  35,  40,  0.830811,  0
292,  90,  218,  35,  41,  0.850186,  0
293,  131,  218,  34,  41,  0.844745,  0
294,  171,  220,  32,  41,  0.878315,  0
295,  204,  220,  31,  40,  0.89199,  0
296,  258,  220,  31,  39,  0.806382,  0
297,  307,  221,  32,  39,  0.766491,  0
298,  359,  217,  26,  33,  0.696016,  0
299,  407,  218,  30,  36,  0.781195,  0
300,  454,  219,  33,  39,  0.745281,  0
301,  502,  219,  36,  41,  0.680745,  0
302,
303,
304,
305,  498,  216,  28,  35,  0.785037,  0
306,  473,  215,  31,  36,  0.842302,  0
307,  440,  216,  31,  37,  0.866915,  0
307,  628,  221,  22,  37,  0.651004,  0
308,  393,  218,  31,  38,  0.871235,  0
308,  493,  249,  13,  21,  0.650036,  0
309,  369,  214,  30,  32,  0.726012,  0
309,  492,  249,  15,  21,  0.662276,  0
310,  321,  215,  31,  36,  0.792897,  0
310,  491,  249,  16,  21,  0.717114,  0
311,  491,  249,  17,  22,  0.71643,  0
311,  271,  215,  29,  33,  0.70966,  0
312,  218,  216,  30,  36,  0.872641,  0
312,  491,  249,  16,  22,  0.715204,  0
313,  162,  212,  31,  33,  0.842954,  0
313,  491,  249,  16,  21,  0.721923,  0
314,  106,  214,  32,  37,  0.802873,  0
314,  491,  249,  16,  22,  0.732876,  0
315,  62,  215,  32,  36,  0.84178,  0
315,  491,  249,  16,  21,  0.738644,  0
316,  491,  249,  16,  22,  0.744087,  0
317,  491,  250,  15,  21,  0.701204,  0
318,  491,  249,  16,  21,  0.729049,  0
319,  490,  249,  17,  22,  0.767617,  0
320,  494,  250,  12,  19,  0.673313,  0
321,
322,
323,
324,
325,  38,  216,  34,  37,  0.791164,  0
326,  77,  216,  33,  38,  0.874832,  0
327,  143,  217,  32,  36,  0.829118,  0
328,  188,  217,  31,  38,  0.8907,  0
329,
330,  303,  217,  32,  37,  0.845096,  0
331,  350,  217,  30,  34,  0.766553,  0
332,  415,  218,  29,  34,  0.764396,  0
333,  471,  219,  25,  34,  0.783224,  0
334,  506,  222,  25,  34,  0.728306,  0
335,  507,  218,  23,  31,  0.664623,  0
336,
337,  497,  220,  23,  33,  0.745224,  0
338,  480,  220,  23,  30,  0.772728,  0
339,  438,  219,  33,  38,  0.783897,  0
340,  403,  215,  33,  33,  0.697527,  0
341,  360,  217,  30,  36,  0.844177,  0
342,  320,  218,  30,  36,  0.850509,  0
343,  284,  216,  28,  34,  0.837023,  0
344,  237,  214,  29,  34,  0.852907,  0
345,  191,  214,  31,  35,  0.853737,  0
346,  143,  214,  31,  34,  0.736848,  0
347,  96,  216,  33,  36,  0.720655,  0
348,  39,  218,  33,  41,  0.788131,  0
349,  4,  220,  9,  24,  0.706503,  0
350,
351,
352,
353,
354,
355,
356,
357,
358,
359,
360,
361,  33,  226,  37,  44,  0.81622,  0
362,  97,  223,  34,  39,  0.782938,  0
363,  163,  223,  33,  43,  0.831061,  0
364,  220,  222,  30,  38,  0.878443,  0
365,  267,  223,  30,  39,  0.869908,  0
366,  327,  223,  31,  40,  0.835877,  0
367,  394,  220,  23,  32,  0.757695,  0
368,
369,
370,  536,  217,  30,  35,  0.690593,  0
370,  494,  250,  12,  20,  0.684018,  0
371,  491,  249,  17,  22,  0.75677,  0
372,  491,  249,  16,  22,  0.760976,  0
372,  537,  210,  29,  31,  0.709269,  0
373,  491,  250,  16,  22,  0.750158,  0
374,  543,  213,  35,  37,  0.767102,  0
374,  491,  250,  16,  22,  0.75752,  0
375,  491,  249,  16,  22,  0.746701,  0
376,  491,  250,  16,  22,  0.745864,  0
376,  542,  212,  32,  32,  0.740944,  0
377,  491,  249,  17,  22,  0.759254,  0
377,  545,  214,  38,  40,  0.73436,  0
378,  490,  249,  17,  22,  0.764161,  0
379,  491,  248,  18,  23,  0.720022,  0
380,  490,  248,  18,  23,  0.718395,  0
381,  489,  248,  19,  23,  0.732931,  0
382,  490,  248,  18,  23,  0.686534,  0
383,
384,  487,  207,  29,  29,  0.680984,  0
384,  540,  247,  17,  25,  0.651719,  0
385,  451,  208,  31,  28,  0.73503,  0
385,  490,  248,  18,  23,  0.722973,  0
386,  424,  211,  30,  31,  0.798317,  0
386,  490,  248,  19,  23,  0.738839,  0
387,  376,  211,  29,  32,  0.749997,  0
387,  490,  249,  17,  22,  0.741639,  0
388,  322,  212,  29,  34,  0.749231,  0
388,  490,  249,  17,  22,  0.697075,  0
389,  285,  210,  27,  29,  0.850822,  0
389,  490,  248,  19,  23,  0.729726,  0
390,  490,  248,  19,  23,  0.712749,  0
390,  241,  207,  26,  25,  0.709885,  0
390,  323,  248,  16,  23,  0.693124,  0
391,  187,  208,  27,  29,  0.862032,  0
391,  491,  249,  17,  22,  0.757858,  0
392,  142,  212,  29,  32,  0.861099,  0
393,  94,  211,  28,  31,  0.871183,  0
394,  57,  211,  29,  32,  0.842018,  0
395,  22,  208,  30,  27,  0.750968,  0
396,  9,  211,  19,  28,  0.798876,  0
397,
398,
399,
400,
401,
402,
403,
404,  33,  232,  33,  39,  0.827058,  0
405,  57,  232,  33,  37,  0.72558,  0
406,  92,  232,  31,  37,  0.844238,  0
407,  124,  232,  33,  38,  0.861904,  0
408,  168,  229,  34,  41,  0.768289,  0
409,  207,  229,  30,  38,  0.843649,  0
410,  246,  227,  31,  39,  0.864867,  0
411,  302,  226,  28,  34,  0.761991,  0
412,  363,  225,  19,  29,  0.795102,  0
413,  429,  226,  25,  32,  0.694988,  0
414,  490,  225,  26,  35,  0.790767,  0
415,
416,
417,
418,
419,
420,
421,  506,  223,  35,  42,  0.754312,  0
422,  503,  222,  24,  35,  0.766974,  0
422,  490,  223,  23,  32,  0.695664,  0
423,  491,  223,  22,  32,  0.817649,  0
423,  474,  219,  16,  23,  0.662232,  0
424,  473,  225,  27,  35,  0.691326,  0
425,
426,  440,  224,  28,  36,  0.787586,  0
427,  423,  223,  25,  35,  0.779953,  0
427,  410,  222,  19,  29,  0.66282,  0
428,  397,  222,  28,  33,  0.741793,  0
429,  365,  224,  27,  34,  0.778483,  0
430,  336,  224,  30,  38,  0.814389,  0
431,  307,  225,  32,  40,  0.841349,  0
432,  281,  225,  29,  37,  0.875645,  0
433,  251,  228,  30,  38,  0.874045,  0
434,  218,  228,  29,  38,  0.885565,  0
435,  185,  229,  33,  41,  0.885929,  0
436,  153,  229,  33,  40,  0.884907,  0
437,  123,  228,  32,  39,  0.888552,  0
438,  96,  227,  34,  41,  0.855987,  0
439,  70,  228,  36,  42,  0.854115,  0
440,  47,  228,  35,  42,  0.862512,  0
441,  23,  230,  33,  40,  0.841017,  0
442,  16,  231,  31,  40,  0.724627,  0
443,  11,  232,  23,  35,  0.753282,  0
444,
445,  18,  230,  32,  39,  0.804233,  0
446,  31,  229,  33,  42,  0.856782,  0
447,  54,  227,  35,  41,  0.846604,  0
448,  71,  228,  35,  43,  0.848267,  0
449,  103,  228,  34,  41,  0.845805,  0
450,  135,  227,  33,  42,  0.883188,  0
451,  170,  228,  32,  40,  0.875251,  0
452,  221,  226,  30,  37,  0.845074,  0
453,  250,  225,  29,  36,  0.864091,  0
454,  287,  225,  29,  37,  0.82197,  0
455,  323,  226,  32,  41,  0.834314,  0
456,  368,  221,  23,  30,  0.747873,  0
457,  398,  222,  26,  32,  0.759203,  0
458,  426,  224,  24,  34,  0.816697,  0
459,  440,  225,  29,  37,  0.835181,  0
460,  457,  226,  29,  37,  0.832968,  0
461,  466,  226,  32,  41,  0.804275,  0
462,  477,  224,  20,  29,  0.814664,  0
462,  457,  221,  15,  22,  0.657954,  0
463,  475,  225,  21,  31,  0.792409,  0
463,  458,  222,  17,  25,  0.655053,  0
464,  473,  226,  22,  34,  0.736769,  0
465,  458,  224,  33,  37,  0.785017,  0
466,  450,  222,  22,  31,  0.769637,  0
467,  432,  223,  23,  32,  0.752173,  0
468,  411,  225,  22,  32,  0.828228,  0
469,  386,  224,  22,  30,  0.776384,  0
470,  353,  225,  30,  38,  0.822654,  0
471,  318,  223,  30,  37,  0.815914,  0
472,  295,  224,  29,  37,  0.863149,  0
473,  266,  225,  29,  37,  0.869209,  0
474,  237,  225,  30,  38,  0.821418,  0
475,  220,  225,  30,  37,  0.869732,  0
476,  197,  226,  31,  41,  0.893738,  0
477,  181,  226,  32,  41,  0.870327,  0
478,  175,  225,  32,  39,  0.848262,  0
479,  170,  225,  32,  39,  0.882762,  0
480,  173,  224,  30,  37,  0.830621,  0
481,  179,  226,  33,  41,  0.860723,  0
482,  186,  226,  31,  39,  0.885924,  0
483,  198,  224,  32,  41,  0.883134,  0
484,  212,  225,  32,  41,  0.87203,  0
485,  233,  225,  32,  39,  0.886972,  0
486,  254,  226,  28,  36,  0.809748,  0
487,  278,  226,  29,  38,  0.8506,  0
488,  312,  225,  26,  35,  0.842707,  0
489,  338,  225,  30,  39,  0.827765,  0
490,  361,  226,  30,  38,  0.831319,  0
491,  392,  225,  29,  37,  0.83699,  0
492,  426,  227,  32,  37,  0.765148,  0
493,  450,  226,  25,  34,  0.802137,  0
494,  475,  226,  23,  33,  0.816518,  0
495,  495,  226,  24,  32,  0.754753,  0
496,  510,  229,  26,  36,  0.728318,  0
497,  515,  224,  28,  39,  0.784815,  0
498,  515,  224,  29,  40,  0.766757,  0
499,  515,  224,  20,  32,  0.748788,  0
500,  507,  225,  19,  29,  0.773628,  0
500,  490,  221,  18,  25,  0.711137,  0
501,  498,  225,  21,  30,  0.769308,  0
502,  472,  226,  34,  42,  0.7972,  0
503,  456,  226,  33,  40,  0.758326,  0
504,  442,  224,  21,  32,  0.762032,  0
504,  426,  221,  18,  26,  0.672934,  0
505,  422,  221,  19,  26,  0.721722,  0
506,  392,  225,  24,  34,  0.772088,  0
507,  351,  223,  29,  37,  0.808042,  0
508,  319,  222,  31,  39,  0.841576,  0
509,  295,  224,  29,  38,  0.873563,  0
510,  257,  226,  28,  35,  0.808483,  0
511,  237,  226,  29,  36,  0.808207,  0
512,  221,  225,  30,  37,  0.847829,  0
513,  210,  226,  33,  43,  0.863849,  0
514,  206,  226,  31,  39,  0.864299,  0
515,  211,  228,  32,  40,  0.849019,  0
516,  220,  226,  30,  37,  0.864206,  0
517,  231,  227,  30,  39,  0.880941,  0
518,  253,  227,  29,  37,  0.831379,  0
519,  282,  229,  31,  39,  0.810533,  0
520,  306,  228,  29,  37,  0.81043,  0
521,  338,  226,  24,  32,  0.783178,  0
522,  369,  226,  26,  34,  0.810856,  0
523,  392,  227,  31,  38,  0.840099,  0
524,  434,  225,  21,  31,  0.784727,  0
525,  458,  229,  32,  38,  0.797013,  0
526,  476,  229,  32,  39,  0.811883,  0
527,  495,  230,  29,  38,  0.824534,  0
528,  506,  229,  23,  33,  0.812426,  0
529,  507,  229,  23,  33,  0.823741,  0
530,  499,  230,  28,  37,  0.804622,  0
531,  487,  229,  29,  39,  0.827887,  0
531,  476,  229,  25,  34,  0.683959,  0
532,  460,  230,  30,  38,  0.820833,  0
533,  427,  228,  22,  32,  0.814822,  0
534,  390,  229,  25,  34,  0.679293,  0
535,  338,  229,  30,  39,  0.829022,  0
536,  293,  228,  32,  41,  0.854493,  0
537,  258,  228,  32,  41,  0.852445,  0
538,  213,  227,  32,  41,  0.859353,  0
539,  179,  229,  34,  42,  0.873567,  0
540,  130,  230,  34,  42,  0.8795,  0
541,  86,  229,  35,  42,  0.843475,  0
542,  59,  228,  35,  41,  0.882357,  0
543,  42,  228,  34,  41,  0.875316,  0
544,  40,  229,  35,  43,  0.8653,  0
545,  51,  229,  33,  40,  0.877388,  0
546,  68,  231,  35,  42,  0.876575,  0
547,  97,  230,  35,  42,  0.850539,  0
548,  133,  230,  33,  40,  0.828254,  0
549,  168,  229,  32,  39,  0.846824,  0
550,  207,  231,  30,  38,  0.764744,  0
551,  268,  231,  30,  38,  0.826045,  0
552,  320,  231,  29,  38,  0.813619,  0
553,  374,  230,  27,  37,  0.755798,  0
554,  422,  230,  32,  40,  0.745982,  0
555,  467,  230,  30,  38,  0.747748,  0
556,  500,  231,  24,  34,  0.821003,  0
557,
558,  522,  227,  20,  27,  0.679559,  0
559,
560,
561,  514,  227,  20,  33,  0.755777,  0
562,  496,  225,  23,  33,  0.764264,  0
563,  472,  226,  32,  39,  0.814428,  0
564,  458,  225,  28,  36,  0.816475,  0
565,  434,  221,  22,  31,  0.758045,  0
566,  412,  224,  29,  36,  0.767133,  0
567,  393,  223,  23,  33,  0.794023,  0
568,  367,  220,  31,  38,  0.827985,  0
569,  347,  217,  32,  34,  0.733685,  0
570,  336,  218,  31,  37,  0.801777,  0
571,  329,  219,  25,  34,  0.842229,  0
572,  328,  223,  30,  38,  0.809014,  0
573,  336,  222,  31,  38,  0.799913,  0
574,  349,  221,  29,  36,  0.800906,  0
575,  376,  224,  24,  35,  0.783114,  0
576,  403,  225,  31,  39,  0.793205,  0
577,  441,  224,  26,  35,  0.807923,  0
578,  478,  221,  25,  31,  0.771992,  0
579,
580,
581,
582,
583,  513,  220,  36,  43,  0.747299,  0
584,  499,  218,  34,  39,  0.755736,  0
585,  480,  217,  30,  36,  0.781505,  0
586,  454,  216,  31,  31,  0.708846,  0
587,  424,  218,  32,  39,  0.830418,  0
588,  392,  216,  31,  37,  0.858561,  0
589,  357,  216,  31,  35,  0.750713,  0
590,  320,  215,  31,  35,  0.823537,  0
591,  282,  218,  30,  39,  0.882872,  0
592,  241,  217,  31,  37,  0.8478,  0
593,  192,  221,  32,  40,  0.873739,  0
594,  143,  223,  32,  39,  0.848614,  0
595,  109,  224,  33,  40,  0.874566,  0
596,  63,  225,  35,  42,  0.828535,  0
597,  24,  228,  36,  43,  0.832728,  0
598,  8,  228,  17,  35,  0.760811,  0
599,  5,  222,  10,  33,  0.680699,  0
600,
601,
602,  9,  230,  19,  29,  0.677413,  0
603,  32,  228,  35,  42,  0.855917,  0
604,  69,  228,  34,  41,  0.84127,  0
605,  121,  225,  31,  39,  0.882926,  0
606,  172,  226,  31,  38,  0.863663,  0
607,  222,  224,  31,  39,  0.81633,  0
608,  273,  225,  31,  39,  0.834674,  0
609,  334,  224,  27,  34,  0.78643,  0
610,  376,  224,  21,  32,  0.769692,  0
611,  424,  225,  29,  37,  0.824238,  0
612,  476,  225,  20,  30,  0.786869,  0
613,  501,  227,  22,  32,  0.820788,  0
614,  507,  224,  19,  27,  0.728572,  0
615,
616,
617,  525,  224,  19,  29,  0.741594,  0
617,  506,  221,  17,  23,  0.697237,  0
618,  499,  224,  23,  33,  0.815803,  0
619,  476,  225,  22,  33,  0.800814,  0
619,  459,  221,  18,  26,  0.66987,  0
620,  436,  227,  29,  38,  0.767393,  0
621,  402,  224,  26,  35,  0.795565,  0
622,  370,  226,  30,  38,  0.816728,  0
623,  337,  224,  30,  37,  0.794679,  0
624,  293,  223,  30,  39,  0.851039,  0
625,  255,  224,  30,  37,  0.813279,  0
626,  207,  221,  32,  40,  0.871059,  0
627,  158,  219,  33,  41,  0.891496,  0
628,  113,  218,  35,  39,  0.783666,  0
629,  75,  220,  35,  44,  0.874836,  0
630,  48,  221,  37,  44,  0.846579,  0
631,  41,  220,  36,  45,  0.801341,  0
632,  43,  220,  36,  45,  0.869281,  0
633,  59,  218,  35,  42,  0.870953,  0
634,  85,  216,  35,  41,  0.819223,  0
635,  121,  218,  34,  40,  0.806906,  0
636,  164,  220,  34,  42,  0.826234,  0
637,  224,  219,  32,  39,  0.872867,  0
638,  278,  224,  31,  40,  0.85401,  0
639,  336,  224,  26,  34,  0.807026,  0
640,  392,  224,  22,  32,  0.724241,  0
641,  424,  222,  32,  39,  0.73697,  0
642,  467,  222,  30,  38,  0.704011,  0
643,  506,  220,  22,  31,  0.710526,  0
644,  504,  219,  21,  29,  0.771866,  0
644,  521,  223,  21,  32,  0.657778,  0
645,  517,  224,  28,  40,  0.719003,  0
646,  505,  223,  23,  34,  0.794907,  0
647,  476,  222,  29,  35,  0.774736,  0
648,  440,  224,  30,  38,  0.776016,  0
649,  406,  219,  29,  37,  0.787205,  0
650,  333,  217,  32,  39,  0.783098,  0
651,  289,  216,  32,  37,  0.834413,  0
652,  254,  217,  31,  36,  0.824528,  0
653,  191,  220,  32,  40,  0.880264,  0
654,  140,  220,  33,  42,  0.878482,  0
655,  97,  220,  36,  43,  0.867819,  0
656,  68,  221,  36,  45,  0.840151,  0
657,  40,  222,  37,  47,  0.824191,  0
658,  27,  221,  36,  45,  0.815511,  0
659,  21,  221,  34,  43,  0.737365,  0
660,  24,  219,  33,  40,  0.811141,  0
661,  37,  218,  36,  43,  0.823621,  0
662,  58,  218,  36,  43,  0.818117,  0
663,  78,  221,  34,  42,  0.885094,  0
664,  113,  221,  36,  44,  0.871879,  0
665,  151,  223,  33,  41,  0.774136,  0
666,  204,  224,  30,  38,  0.880908,  0
667,  250,  224,  30,  38,  0.870027,  0
668,  287,  221,  31,  39,  0.847241,  0
669,  334,  219,  29,  34,  0.786553,  0
670,  367,  223,  31,  39,  0.792924,  0
671,
672,  451,  218,  20,  28,  0.790152,  0
673,  464,  218,  27,  35,  0.795654,  0
674,  476,  220,  31,  38,  0.790235,  0
675,  491,  219,  24,  34,  0.743584,  0
676,  475,  219,  36,  43,  0.791703,  0
677,  456,  221,  33,  38,  0.711485,  0
678,  431,  220,  35,  44,  0.827504,  0
679,  384,  215,  32,  37,  0.786238,  0
680,  335,  215,  31,  33,  0.745989,  0
681,  290,  216,  32,  36,  0.779942,  0
682,  214,  218,  31,  38,  0.697412,  0
683,  159,  217,  32,  37,  0.795814,  0
684,
685,
686,
687,
688,
689,
690,
691,
692,
693,
694,
695,  47,  221,  36,  43,  0.840255,  0
696,  95,  220,  34,  41,  0.864418,  0
697,  159,  219,  33,  39,  0.860147,  0
698,  211,  220,  33,  40,  0.786163,  0
699,  288,  222,  31,  39,  0.835581,  0
700,  351,  222,  30,  36,  0.774451,  0
701,  410,  220,  31,  38,  0.74602,  0
702,
703,  520,  219,  26,  35,  0.672259,  0
704,
705,
706,  520,  220,  27,  36,  0.740181,  0
707,  490,  221,  27,  37,  0.780699,  0
708,  457,  219,  33,  34,  0.66009,  0
709,
710,  360,  221,  28,  37,  0.78982,  0
711,  289,  220,  33,  41,  0.80673,  0
712,  241,  219,  33,  39,  0.702429,  0
713,  167,  221,  35,  43,  0.712613,  0
714,  119,  222,  34,  44,  0.807159,  0
715,  63,  218,  34,  40,  0.822289,  0
716,  20,  216,  35,  40,  0.766547,  0
717,
718,
719,
720,
721,
722,
723,
724,
725,
726,
727,
728,
729,  76,  210,  30,  32,  0.849922,  0
730,  120,  213,  33,  36,  0.743762,  0
731,  177,  215,  34,  37,  0.77381,  0
732,  233,  217,  32,  37,  0.730196,  0
733,  278,  219,  33,  41,  0.762043,  0
734,  334,  221,  31,  38,  0.768001,  0
735,  390,  221,  29,  38,  0.761803,  0
736,  441,  219,  33,  39,  0.739055,  0
737,  491,  216,  32,  32,  0.715442,  0
738,
739,  538,  221,  30,  38,  0.678203,  0
740,
741,  514,  226,  31,  40,  0.746092,  0
742,  482,  225,  34,  43,  0.809252,  0
743,  443,  223,  30,  34,  0.671741,  0
744,  396,  219,  27,  31,  0.739559,  0
745,  334,  217,  28,  31,  0.751337,  0
746,  263,  220,  33,  40,  0.696799,  0
747,  206,  218,  32,  39,  0.822696,  0
748,  146,  217,  34,  38,  0.802983,  0
749,  94,  214,  26,  28,  0.671205,  0
750,
751,
752,
753,
754,
755,
756,
757,
758,
759,
760,  19,  223,  28,  37,  0.72667,  0
761,  53,  222,  33,  42,  0.822783,  0
762,  104,  224,  33,  42,  0.841659,  0
763,  149,  225,  33,  41,  0.806172,  0
764,  206,  226,  31,  37,  0.827777,  0
765,  265,  229,  32,  40,  0.820376,  0
766,  327,  229,  28,  37,  0.783814,  0
767,  375,  230,  23,  35,  0.682438,  0
768,  419,  229,  25,  34,  0.717741,  0
769,  474,  229,  28,  36,  0.748316,  0
770,
771,
772,
773,  521,  228,  21,  30,  0.709122,  0
774,  495,  228,  28,  37,  0.810066,  0
775,
776,
777,  401,  223,  24,  33,  0.77604,  0
778,  362,  223,  22,  32,  0.763656,  0
779,
780,  245,  222,  31,  40,  0.837475,  0
781,  174,  222,  32,  39,  0.860926,  0
782,  124,  223,  31,  39,  0.874023,  0
783,  52,  223,  36,  44,  0.783589,  0
784,  5,  219,  10,  28,  0.660659,  0
785,
786,
787,
788,
789,
790,
791,
792,
793,
794,  36,  227,  35,  40,  0.829754,  0
795,  106,  229,  36,  43,  0.862836,  0
796,  192,  228,  32,  38,  0.791,  0
797,
798,
799,
800,  466,  230,  27,  36,  0.754916,  0
801,
802,
803,
804,
805,  507,  225,  20,  30,  0.803249,  0
806,  479,  223,  25,  33,  0.785047,  0
807,  449,  222,  21,  30,  0.768818,  0
808,  408,  227,  29,  37,  0.826132,  0
809,  370,  225,  25,  33,  0.791944,  0
810,  314,  225,  31,  39,  0.841232,  0
811,  258,  224,  33,  42,  0.842774,  0
812,  211,  224,  32,  43,  0.856737,  0
813,  162,  225,  33,  42,  0.860306,  0
814,  115,  222,  35,  43,  0.837056,  0
815,  70,  223,  35,  44,  0.835079,  0
816,  28,  223,  33,  42,  0.868769,  0
817,  7,  224,  15,  36,  0.785524,  0
818,
819,
820,
821,  5,  223,  11,  34,  0.757472,  0
822,  18,  228,  33,  41,  0.735715,  0
823,  67,  224,  37,  44,  0.858352,  0
824,  125,  225,  32,  38,  0.858077,  0
825,  180,  225,  32,  42,  0.858351,  0
826,  239,  222,  28,  35,  0.789039,  0
827,  308,  226,  32,  39,  0.72509,  0
828,  365,  227,  26,  33,  0.748991,  0
829,  418,  226,  22,  31,  0.777803,  0
830,  475,  226,  19,  29,  0.802671,  0
831,  520,  228,  23,  35,  0.728282,  0
832,
833,
834,
835,  505,  230,  24,  35,  0.78836,  0
836,  482,  230,  25,  36,  0.820355,  0
837,  449,  230,  29,  39,  0.802094,  0
838,  411,  231,  31,  38,  0.799996,  0
839,  374,  230,  28,  38,  0.776481,  0
840,  338,  230,  31,  40,  0.811264,  0
841,  282,  228,  33,  41,  0.870085,  0
842,  237,  229,  30,  37,  0.778855,  0
843,  191,  229,  31,  36,  0.786639,  0
844,  145,  230,  35,  41,  0.842747,  0
845,  90,  230,  35,  42,  0.872556,  0
846,  41,  230,  34,  42,  0.867747,  0
847,  12,  231,  22,  33,  0.717135,  0
848,
849,
850,
851,  5,  228,  11,  32,  0.683229,  0
852,
853,  66,  234,  37,  42,  0.779251,  0
854,  104,  234,  38,  42,  0.734798,  0
855,
856,
857,  267,  232,  30,  36,  0.825935,  0
858,  316,  230,  30,  38,  0.814785,  0
859,  363,  230,  28,  37,  0.733761,  0
860,  394,  231,  29,  35,  0.677363,  0
861,
862,  473,  235,  22,  32,  0.714234,  0
863,
864,
865,
866,
867,  499,  235,  22,  32,  0.723218,  0
868,
869,  458,  234,  22,  32,  0.652891,  0
870,
871,  397,  232,  29,  36,  0.729357,  0
872,  357,  233,  28,  36,  0.752288,  0
873,
874,  292,  234,  26,  31,  0.662441,  0
875,  269,  233,  29,  37,  0.766471,  0
876,
877,  244,  234,  30,  38,  0.824271,  0
878,  246,  233,  32,  40,  0.82463,  0
879,  260,  236,  27,  33,  0.671209,  0
880,  275,  234,  29,  37,  0.774611,  0
881,  301,  236,  25,  33,  0.707469,  0
882,
883,
884,
885,
886,
887,
888,
889,
890,
891,
892,  496,  238,  25,  36,  0.6634,  0
893,  469,  236,  23,  33,  0.705141,  0
894,
895,
896,
897,
898,
899,
900,
901,
902,  123,  235,  25,  31,  0.671831,  0
903,  90,  233,  35,  39,  0.722527,  0
904,  67,  234,  34,  39,  0.767835,  0
905,  42,  234,  25,  31,  0.794103,  0
906,  38,  231,  33,  33,  0.712329,  0
907,  49,  232,  34,  39,  0.812443,  0
908,  65,  231,  36,  40,  0.818689,  0
909,  100,  230,  35,  41,  0.865757,  0
910,  140,  230,  33,  39,  0.883655,  0
911,  199,  230,  32,  40,  0.853265,  0
912,  243,  230,  31,  41,  0.861804,  0
913,  300,  229,  30,  38,  0.812602,  0
914,  358,  229,  28,  38,  0.771816,  0
915,  559,  219,  17,  25,  0.676813,  0
915,  408,  228,  22,  33,  0.665464,  0
916,  459,  226,  29,  35,  0.702002,  0
917,  518,  227,  20,  30,  0.826878,  0
918,
919,  537,  223,  19,  26,  0.657834,  0
920,  531,  223,  19,  28,  0.762203,  0
921,  508,  227,  20,  32,  0.786358,  0
922,  464,  229,  26,  35,  0.797991,  0
923,  420,  228,  24,  33,  0.768404,  0
924,  357,  229,  25,  34,  0.716969,  0
925,  298,  227,  32,  39,  0.782931,  0
926,  253,  225,  29,  35,  0.775155,  0
927,  195,  227,  33,  42,  0.858135,  0
928,  128,  227,  34,  41,  0.854581,  0
929,  76,  227,  36,  42,  0.879036,  0
930,  32,  227,  36,  43,  0.839736,  0
931,  10,  224,  20,  36,  0.814346,  0
932,
933,  5,  224,  10,  36,  0.687756,  0
934,  9,  224,  19,  35,  0.707991,  0
935,  27,  225,  32,  39,  0.831928,  0
936,
937,  119,  225,  34,  42,  0.739976,  0
938,  188,  221,  33,  41,  0.870384,  0
939,  246,  223,  31,  39,  0.849011,  0
940,  299,  222,  31,  39,  0.826433,  0
941,  342,  220,  30,  37,  0.758828,  0
942,  376,  220,  24,  34,  0.780544,  0
943,  393,  221,  26,  36,  0.806088,  0
944,  398,  221,  30,  36,  0.77977,  0
945,  391,  223,  32,  39,  0.800648,  0
946,  378,  222,  24,  34,  0.757921,  0
947,  344,  222,  29,  37,  0.796239,  0
948,  308,  222,  33,  41,  0.818611,  0
949,  260,  221,  32,  41,  0.84754,  0
950,  227,  223,  31,  41,  0.862723,  0
951,  188,  224,  32,  39,  0.866192,  0
952,  160,  226,  33,  41,  0.856436,  0
953,  136,  229,  35,  42,  0.859088,  0
954,  113,  229,  35,  43,  0.870123,  0
955,  101,  229,  35,  42,  0.835999,  0
956,  103,  229,  36,  43,  0.828381,  0
957,  112,  228,  35,  43,  0.855278,  0
958,  129,  229,  35,  42,  0.862101,  0
959,  152,  230,  36,  43,  0.826927,  0
960,
961,
962,
963,
964,  371,  232,  25,  34,  0.715209,  0
965,  394,  228,  31,  38,  0.835918,  0
966,  419,  228,  30,  38,  0.808836,  0
967,  426,  228,  31,  38,  0.84393,  0
968,  425,  229,  34,  40,  0.788489,  0
969,  416,  231,  24,  34,  0.772115,  0
970,  392,  232,  24,  35,  0.677911,  0
971,
972,
973,  269,  232,  29,  36,  0.708046,  0
974,
975,  195,  232,  34,  42,  0.84863,  0
976,  147,  231,  34,  39,  0.825124,  0
977,  98,  231,  35,  41,  0.855662,  0
978,  63,  232,  33,  36,  0.800957,  0
979,  17,  234,  33,  40,  0.776665,  0
980,  549,  224,  29,  43,  0.699905,  0
980,  4,  226,  9,  31,  0.673216,  0
981,
982,  590,  214,  20,  24,  0.744242,  0
983,  4,  224,  8,  26,  0.659449,  0
984,  9,  231,  18,  36,  0.703561,  0
985,  27,  229,  34,  42,  0.873209,  0
986,  61,  229,  34,  40,  0.881571,  0
987,  93,  229,  34,  41,  0.883756,  0
987,  604,  214,  20,  24,  0.691269,  0
988,  129,  231,  34,  40,  0.802112,  0
989,  158,  230,  33,  37,  0.813036,  0
990,  205,  232,  29,  36,  0.750425,  0
991,
992,
993,
994,  362,  235,  20,  31,  0.664243,  0
995,
996,
997,  361,  235,  22,  31,  0.653832,  0
998,
999,
1000,
1001,
1002,
1003,  135,  230,  17,  27,  0.672685,  0
1004,  93,  232,  33,  38,  0.80718,  0
1005,  45,  232,  34,  39,  0.845888,  0
1006,
1007,  9,  234,  19,  36,  0.65753,  0
1008,  7,  233,  15,  34,  0.723809,  0
1009,  13,  234,  24,  34,  0.707441,  0
1010,  33,  233,  33,  40,  0.835904,  0
1011,  59,  233,  33,  39,  0.726177,  0
1012,  98,  234,  36,  39,  0.719141,  0
1013,  139,  235,  29,  33,  0.742634,  0
1014,  598,  213,  23,  24,  0.669824,  0
1015,  603,  214,  21,  24,  0.711152,  0
1016,
1017,
1018,
1019,
1020,  425,  236,  21,  32,  0.694402,  0
1020,  552,  220,  15,  23,  0.657175,  0
1021,
1022,  445,  235,  18,  31,  0.673943,  0
1023,  437,  236,  23,  33,  0.703598,  0
1024,
1025,
1026,
1027,
1028,
1029,
1030,  285,  236,  24,  32,  0.686908,  0
1031,  262,  236,  32,  39,  0.807855,  0
1032,  246,  236,  25,  33,  0.673499,  0
1033,  225,  237,  26,  35,  0.659442,  0
1034,  214,  236,  33,  37,  0.777658,  0
1035,  210,  236,  24,  33,  0.731662,  0
1036,  211,  237,  26,  34,  0.705052,  0
1037,  214,  237,  29,  35,  0.740039,  0
1038,
1039,  250,  244,  22,  32,  0.717074,  0
1040,
1041,
1042,
1043,
1044,  406,  206,  13,  15,  0.713611,  0
1045,
1046,
1047,
1048,
1049,
1050,
1051,
1052,
1053,
1054,
1055,
1056,
1057,
1058,
1059,
1060,
1061,
1062,
1063,
1064,
1065,
1066,  605,  225,  20,  30,  0.734461,  0
1067,
1068,
1069,
1070,
1071,
1072,
1073,  5,  221,  10,  29,  0.712224,  0
1074,
1075,  38,  223,  37,  47,  0.811955,  0
1076,  63,  220,  36,  43,  0.880827,  0
1077,  108,  218,  36,  43,  0.85428,  0
1078,  148,  215,  35,  40,  0.814037,  0
1079,  190,  215,  32,  38,  0.886605,  0
1080,  231,  217,  32,  39,  0.814516,  0
1081,  261,  215,  31,  37,  0.840384,  0
1082,  295,  215,  31,  36,  0.864132,  0
1082,  492,  249,  16,  21,  0.690656,  0
1083,  323,  214,  32,  37,  0.844764,  0
1083,  492,  249,  16,  21,  0.723791,  0
1084,  340,  214,  32,  37,  0.82322,  0
1084,  491,  249,  17,  22,  0.740212,  0
1085,  492,  249,  16,  21,  0.74017,  0
1086,  362,  215,  30,  36,  0.872491,  0
1086,  492,  250,  16,  21,  0.724112,  0
1087,  361,  213,  31,  35,  0.870146,  0
1087,  491,  249,  16,  22,  0.753717,  0
1088,  491,  249,  16,  22,  0.74351,  0
1089,  335,  212,  33,  32,  0.805139,  0
1089,  491,  249,  17,  22,  0.736267,  0
1090,  309,  213,  33,  37,  0.784468,  0
1090,  492,  249,  16,  22,  0.729681,  0
1091,  273,  213,  31,  34,  0.801165,  0
1091,  492,  249,  16,  22,  0.718505,  0
1092,  246,  216,  31,  36,  0.789955,  0
1092,  493,  250,  13,  20,  0.7001,  0
1093,  200,  217,  32,  39,  0.825434,  0
1094,  160,  215,  35,  38,  0.745855,  0
1095,  118,  216,  33,  38,  0.772754,  0
1096,  75,  209,  31,  33,  0.838141,  0
1097,
1098,
1099,
1100,
1101,
1102,
1103,
1104,  491,  249,  15,  21,  0.710115,  0
1104,  323,  248,  16,  24,  0.696782,  0
1105,
1106,  491,  248,  18,  24,  0.669186,  0
1107,  490,  248,  18,  23,  0.666237,  0
1108,  489,  248,  19,  24,  0.686109,  0
1109,  491,  249,  17,  22,  0.715014,  0
1110,  490,  249,  18,  23,  0.722668,  0
1110,  322,  249,  15,  22,  0.672299,  0
1111,  491,  250,  16,  22,  0.743642,  0
1112,  492,  249,  16,  22,  0.742928,  0
1113,
1114,
1115,
1116,  6,  217,  12,  27,  0.701889,  0
1117,  23,  224,  34,  46,  0.828191,  0
1118,  49,  221,  35,  41,  0.785985,  0
1119,  91,  223,  31,  39,  0.884836,  0
1120,  130,  225,  33,  41,  0.855576,  0
1121,  169,  226,  33,  40,  0.885347,  0
1122,  207,  226,  31,  36,  0.813864,  0
1123,  245,  226,  30,  37,  0.783617,  0
1124,  276,  228,  32,  40,  0.830088,  0
1125,  303,  225,  27,  34,  0.782787,  0
1126,  318,  224,  29,  37,  0.813448,  0
1127,  335,  223,  28,  35,  0.79665,  0
1128,  345,  224,  26,  35,  0.84315,  0
1129,  344,  225,  29,  38,  0.879143,  0
1130,  338,  223,  31,  39,  0.808498,  0
1131,  326,  224,  30,  38,  0.802903,  0
1132,  309,  224,  31,  41,  0.843209,  0
1133,  281,  220,  31,  39,  0.83139,  0
1134,  254,  220,  31,  38,  0.862178,  0
1135,  221,  219,  31,  38,  0.886465,  0
1136,  187,  220,  32,  40,  0.889664,  0
1137,  152,  220,  33,  42,  0.85224,  0
1137,  491,  249,  15,  21,  0.729529,  0
1138,  126,  217,  33,  38,  0.870167,  0
1138,  492,  249,  16,  21,  0.742486,  0
1139,  96,  216,  32,  35,  0.737549,  0
1139,  492,  249,  16,  21,  0.731434,  0
1140,  85,  216,  36,  38,  0.795049,  0
1140,  492,  249,  15,  21,  0.73578,  0
1141,  74,  217,  35,  42,  0.858899,  0
1141,  491,  249,  16,  22,  0.763749,  0
1142,  75,  214,  33,  39,  0.885196,  0
1142,  492,  249,  16,  22,  0.726035,  0
1143,  85,  212,  34,  36,  0.817372,  0
1143,  491,  250,  16,  22,  0.743922,  0
1144,  97,  212,  33,  35,  0.785995,  0
1144,  490,  249,  17,  22,  0.779479,  0
1145,  117,  212,  33,  34,  0.805898,  0
1145,  491,  249,  16,  22,  0.754619,  0
1146,  144,  216,  33,  38,  0.807579,  0
1146,  491,  249,  15,  21,  0.737183,  0
1147,  182,  212,  30,  35,  0.863787,  0
1147,  490,  249,  17,  22,  0.754792,  0
1148,  218,  213,  30,  35,  0.840963,  0
1148,  491,  249,  16,  22,  0.737877,  0
1149,  255,  211,  28,  30,  0.750182,  0
1149,  491,  249,  16,  22,  0.734705,  0
1150,  304,  210,  29,  31,  0.829516,  0
1150,  492,  249,  16,  21,  0.71498,  0
1151,  345,  209,  25,  28,  0.810802,  0
1151,  491,  249,  17,  22,  0.754124,  0
1152,  381,  213,  29,  34,  0.854365,  0
1152,  490,  249,  20,  24,  0.71396,  0
1152,  323,  248,  16,  23,  0.696032,  0
1153,  413,  209,  27,  30,  0.797603,  0
1153,  491,  248,  18,  23,  0.686367,  0
1153,  323,  248,  16,  23,  0.684216,  0
1154,  448,  208,  28,  27,  0.808661,  0
1154,  323,  248,  16,  23,  0.681462,  0
1154,  490,  249,  20,  24,  0.673273,  0
1155,  486,  212,  30,  35,  0.703934,  0
1155,  323,  248,  16,  23,  0.698828,  0
1156,
1157,  492,  249,  16,  22,  0.669385,  0
1158,  323,  248,  16,  23,  0.659948,  0
1159,
1160,  512,  219,  25,  34,  0.729051,  0
1161,  488,  227,  36,  40,  0.749444,  0
1162,  470,  229,  26,  36,  0.800002,  0
1163,  433,  229,  24,  34,  0.813691,  0
1164,  403,  232,  33,  40,  0.770579,  0
1165,  367,  232,  26,  35,  0.721471,  0
1166,
1167,
1168,  229,  229,  33,  42,  0.85895,  0
1169,  170,  228,  33,  41,  0.874487,  0
1170,  92,  225,  32,  39,  0.879516,  0
1171,
1172,
1173,
1174,
1175,
1176,
1177,
1178,
1179,
1180,  20,  223,  35,  44,  0.798004,  0
1181,  70,  224,  35,  44,  0.747365,  0
1182,  133,  222,  34,  42,  0.690331,  0
1183,  194,  218,  32,  35,  0.748857,  0
1184,  248,  221,  32,  40,  0.696822,  0
1185,  287,  219,  31,  38,  0.866331,  0
1186,  324,  220,  33,  40,  0.803044,  0
1187,  355,  220,  33,  39,  0.766282,  0
1188,  367,  219,  28,  34,  0.783217,  0
1189,  366,  221,  23,  29,  0.710618,  0
1190,  350,  221,  31,  39,  0.797052,  0
1191,  326,  220,  31,  37,  0.77331,  0
1192,  291,  221,  32,  39,  0.762396,  0
1193,  246,  222,  32,  41,  0.845261,  0
1194,  194,  218,  32,  35,  0.755086,  0
1195,  124,  218,  33,  41,  0.876129,  0
1196,  43,  219,  36,  43,  0.799109,  0
1197,  5,  215,  11,  27,  0.664858,  0
1198,
1199,
1200,
1201,
1202,
1203,
1204,
1205,
1206,
1207,
1208,  47,  221,  35,  43,  0.842428,  0
1209,  88,  223,  33,  40,  0.738168,  0
1210,  122,  223,  31,  39,  0.877215,  0
1211,  165,  226,  33,  41,  0.856045,  0
1212,  199,  228,  32,  40,  0.876384,  0
1213,  239,  228,  29,  37,  0.822377,  0
1214,  277,  229,  32,  41,  0.834442,  0
1215,  311,  228,  29,  38,  0.807091,  0
1216,  340,  231,  32,  40,  0.775085,  0
1217,  364,  230,  30,  37,  0.81598,  0
1218,  384,  229,  24,  33,  0.798212,  0
1219,  394,  229,  30,  37,  0.795188,  0
1220,  395,  229,  31,  38,  0.819557,  0
1221,  385,  227,  25,  33,  0.772945,  0
1222,  362,  226,  30,  37,  0.793687,  0
1223,  338,  225,  31,  40,  0.838475,  0
1224,  318,  222,  28,  35,  0.779975,  0
1225,  267,  224,  30,  38,  0.87578,  0
1226,  218,  221,  31,  40,  0.867073,  0
1227,  163,  215,  33,  34,  0.735397,  0
1228,  492,  248,  16,  23,  0.666528,  0
1229,
1230,  74,  210,  14,  19,  0.660203,  0
1231,
1232,
1233,
1234,  460,  224,  22,  32,  0.659511,  0
1235,  74,  210,  15,  20,  0.654992,  0
1236,  74,  210,  14,  19,  0.653343,  0
1237,
1238,
1239,
1240,
1241,
1242,
1243,  74,  210,  14,  19,  0.677359,  0
1244,
1245,
1246,
1247,  74,  211,  13,  17,  0.656239,  0
1248,
1249,
1250,
1251,
1252,  74,  210,  14,  19,  0.673813,  0
1253,
1254,
1255,
1256,
1257,
1258,  74,  210,  14,  19,  0.650805,  0
1259,
1260,
1261,  74,  210,  14,  19,  0.68212,  0
1261,  459,  226,  23,  34,  0.676264,  0
1262,
1263,  74,  211,  14,  20,  0.671981,  0
1264,  74,  210,  14,  19,  0.673583,  0
1265,
1266,
1267,  459,  227,  23,  35,  0.667674,  0
1268,  74,  210,  15,  20,  0.655044,  0
1269,
1270,
1271,  74,  210,  14,  19,  0.655559,  0
1272,  74,  210,  14,  19,  0.656193,  0
1273,
1274,
1275,
1276,
1277,  74,  211,  14,  18,  0.659816,  0
1278,  74,  210,  15,  20,  0.654197,  0
1279,
1280,
1281,  74,  210,  15,  19,  0.669311,  0
1282,
1283,  74,  210,  14,  19,  0.67462,  0
1284,
1285,
1286,
1287,
1288,  74,  210,  15,  19,  0.665963,  0
1289,
1290,
1291,
1292,
1293,
1294,  74,  210,  15,  19,  0.670008,  0
1295,
1296,  74,  210,  14,  19,  0.675887,  0
1296,  182,  229,  18,  28,  0.656828,  0
1297,  74,  210,  15,  19,  0.661068,  0
1298,  75,  211,  14,  18,  0.666549,  0
1299,
1300,  74,  210,  15,  20,  0.668691,  0
1301,
1302,  74,  210,  15,  19,  0.691337,  0
1303,  74,  210,  14,  19,  0.662509,  0
1304,  74,  210,  15,  20,  0.673623,  0
# end of log
